Regular   MultiThread
591       565
504       404
479       483
497       347
432       301
488       311
404       327
418       307
410       306
421       336
459       297
425       317
416       306
472       323
433       337
439       295
479       302
465       295
448       322
449       308
415       355
458       294
461       340
451       353
461       310
457       353
443       273
509       349
497       398
496       357
457       331
447       345
471       299
480       356
686       346
503       336
482       399
864       356
470       356
542       396
815       394
450       353
508       336
490       330
731       376
769       337
523       336
761       329
743       358
506       373
...
